x<-c(0.19, 0.15, 0.57, 0.4, 0.7, 0.67, 0.63, 0.47, 0.75, 0.6, 0.78, 0.81, 0.78, 0.69, 1.3, 1.05, 1.52, 1.06, 1.74, 1.62)
y<-c(3.8, 5.9, 14.1, 10.4, 14.6, 14.5, 15.1, 11.9, 15.5, 9.3, 15.6, 20.8, 14.6, 16.6, 25.6, 20.9, 29.9, 19.6, 31.3, 32.7)